141,0
135,3
135,2
135,1
135,0
129,3
129,2
129,1
129,0
116,7
116,6
116,5
116,4
116,3
116,2
116,1
116,0
99,89
99,88
99,87
99,86
99,85
99,84
99,83
99,82
99,81
99,80
99,79
99,78
99,77
99,76
99,75
99,74
99,73
99,72
99,71
99,70
99,69
99,68
99,67
99,66
99,65
99,64
99,35
99,34
99,33
99,32
99,31
99,30
99,29
99,28
99,27
99,26
99,25
99,24
99,23
99,22
99,21
99,20
99,19
99,18
99,17
99,16
99,15
99,14
99,13
99,12
99,11
99,10
99,9
99,8
99,7
99,6
99,5
99,4
99,3
99,2
99,1
99,0
23,3
22,3
21,3
20,3
19,3
18,3
17,3
15,3
14,3
13,3
12,3
11,3
10,4
10,3
9,3
8,3
7,3
6,3
5,3
4,3
2,5
0,447
0,426
0,383
2,6
2,8
2,11
1,3
2,3
16,3
0,9
0,310
0,305
0,308
0,304
0,303
0,302
0,307
0,12
0,412
0,10
0,8
0,410
0,300
0,409
0,299
0,298
0,433
0,297
0,387
0,296
0,405
0,295
0,404
0,294
0,293
0,432
0,292
0,402
0,291
0,401
0,290
0,400
0,289
0,399
0,288
0,398
0,287
0,443
0,286
0,424
0,285
0,406
0,284
0,392
0,283
0,369
0,282
0,358
0,281
0,348
0,280
0,347
0,279
0,324
0,278
0,342
0,277
0,446
0,276
0,353
0,275
0,445
0,274
141,1
141,2
141,4
206,0
206,2
206,3
206,5
206,7
206,8
206,10
206,11
206,13
206,15
206,16
206,18
206,19
206,21
206,23
206,25
206,27
206,28
206,30
206,31
207,1
207,3
210,0
210,2
210,3
210,5
210,6
210,8
210,10
210,11
210,13
210,14
210,16
210,18
210,19
210,21
210,22
210,24
210,25
210,27
210,30
210,31
210,33
210,34
210,36
210,38
210,39
210,41
210,42
210,44
219,0
219,1
219,3
219,4
219,6
219,7
219,9
219,11
219,12
220,1
220,2
221,0
221,2
221,3
221,5
221,6
221,8
221,9
221,11
221,13
221,14
221,16
221,17
221,19
221,21
221,22
221,24
221,25
221,27
222,0
222,2
223,0
223,1
223,3
224,0
224,2
225,0
225,1
225,3
226,0
226,2
227,0
227,1
227,3
228,0
228,2
228,3
229,1
229,3
230,0
230,2
230,3
231,1
231,3
232,0
232,2
232,3
233,1
233,2
234,0
234,2
234,3
234,5
234,6
234,8
234,10
234,11
234,13
234,14
234,16
234,17
234,19
235,1
235,2
236,0
236,1
236,3
237,1
237,2
237,4
237,5
238,0
238,1
238,3
238,5
238,6
238,8
238,9
238,11
238,13
238,14
238,16
238,17
238,19
238,21
238,22
238,24
238,25
238,27
238,28
239,1
239,3
239,4
239,6
239,7
239,9
239,11
239,12
239,14
239,15
239,17
239,18
239,20
239,22
239,23
239,25
239,26
239,28
239,30
239,31
239,33
239,34
239,64
239,65
239,67
239,69
239,70
239,72
239,73
239,75
239,77
239,78
239,80
239,81
239,83
239,85
239,86
239,88
239,89
239,91
239,92
239,94
239,96
239,97
239,99
239,100
239,102
239,104
239,105
239,107
239,108
239,110
239,111
239,113
239,115
239,116
239,118
239,119
239,121
239,123
239,124
239,126
239,127
239,129
239,130
239,132
239,134
239,135
239,137
239,138
239,140
239,142
239,143
239,145
239,146
239,148
239,149
239,151
239,153
239,154
239,156
239,157
239,159
239,161
239,162
239,164
239,165
239,167
239,169
239,170
239,172
239,173
239,175
239,176
239,178
239,180
239,181
239,183
239,184
239,186
239,188
239,189
239,191
239,192
239,194
239,195
239,197
239,199
239,200
239,202
239,203
239,205
239,207
239,208
239,210
239,211
239,213
239,214
239,216
239,218
239,219
239,221
239,222
239,224
239,226
239,227
239,229
239,230
239,232
239,234
239,235
239,237
239,238
239,240
239,241
239,243
239,245
239,246
239,248
239,249
239,251
239,253
239,254
239,256
239,257
239,259
239,260
239,262
239,264
239,265
239,267
239,268
239,270
239,272
239,273
239,275
239,276
239,278
239,279
239,281
239,283
239,284
239,286
239,287
239,289
239,291
239,292
239,294
239,295
239,297
239,299
239,300
239,302
239,303
239,305
239,306
239,308
239,310
239,311
240,0
240,1
240,3
240,5
240,6
240,8
240,9
241,0
241,1
241,3
242,1
242,2
243,0
243,1
243,3
244,1
244,2
245,0
245,1
245,3
245,4
245,6
246,0
246,1
246,3
247,0
247,2
247,4
247,5
247,7
247,8
247,10
247,11
247,13
247,15
247,16
247,18
247,19
247,21
247,23
247,24
247,26
247,27
248,0
248,2
248,3
249,1
249,2
250,0
250,1
250,3
251,1
251,2
252,0
252,1
252,3
253,1
253,2
254,0
254,1
254,3
255,0
255,2
256,0
256,1
256,3
257,0
257,2
258,0
258,1
258,3
259,0
259,2
259,3
260,1
260,3
261,0
261,2
261,3
262,1
262,3
263,0
263,2
263,3
264,1
264,3
265,0
265,2
265,3
266,1
266,2
267,0
267,2
267,3
268,1
268,2
269,0
269,2
269,3
270,1
270,2
271,0
271,1
271,3
272,1
272,2
273,0
273,1
273,3
274,0
274,1
274,3
274,4
275,1
275,2
276,0
276,2
276,3
277,1
277,2
278,0
278,2
278,3
278,5
278,6
278,8
278,9
278,11
279,1
279,2
279,4
279,5
279,7
279,9
279,10
279,12
279,13
279,15
280,0
280,1
280,3
281,0
281,2
281,3
281,5
281,7
282,0
282,2
282,3
283,0
283,2
283,3
284,0
284,1
284,3
284,4
284,2
283,4
283,1
282,4
282,1
281,6
281,4
281,1
280,2
279,16
279,14
279,11
279,8
279,6
279,3
279,0
278,10
278,7
278,4
278,1
277,3
277,0
276,1
275,3
275,0
274,2
273,4
273,2
272,3
272,0
271,2
270,3
270,0
269,1
268,3
268,0
267,1
266,3
266,0
265,1
264,2
264,0
263,1
262,2
262,0
261,1
260,2
260,0
259,1
258,2
257,3
257,1
256,2
255,3
255,1
254,2
253,3
253,0
252,2
251,3
251,0
250,2
249,3
249,0
248,1
247,28
247,25
247,22
247,20
247,17
247,14
247,12
247,9
247,6
247,3
247,1
246,2
245,7
245,5
245,2
244,3
244,0
243,2
242,3
242,0
241,2
240,10
240,7
240,4
240,2
239,312
239,309
239,307
239,304
239,301
239,298
239,296
239,293
239,290
239,288
239,285
239,282
239,280
239,277
239,274
239,271
239,269
239,266
239,263
239,261
239,258
239,255
239,252
239,250
239,247
239,244
239,242
239,239
239,236
239,233
239,231
239,228
239,225
239,223
239,220
239,217
239,215
239,212
239,209
239,206
239,204
239,201
239,198
239,196
239,193
239,190
239,187
239,185
239,182
239,179
239,177
239,174
239,171
239,168
239,166
239,163
239,160
239,158
239,155
239,152
239,150
239,147
239,144
239,141
239,139
239,136
239,133
239,131
239,128
239,125
239,122
239,120
239,117
239,114
239,112
239,109
239,106
239,103
239,101
239,98
239,95
239,93
239,90
239,87
239,84
239,82
239,79
239,76
239,74
239,71
239,68
239,66
239,35
239,32
239,29
239,27
239,24
239,21
239,19
239,16
239,13
239,10
239,8
239,5
239,2
239,0
238,26
238,23
238,20
238,18
238,15
238,12
238,10
238,7
238,4
238,2
237,6
237,3
237,0
236,2
235,3
235,0
234,18
234,15
234,12
234,9
234,7
234,4
234,1
233,3
233,0
232,1
231,2
231,0
230,1
229,2
229,0
228,1
227,2
226,3
226,1
225,2
224,3
224,1
223,2
222,3
222,1
221,26
221,23
221,20
221,18
221,15
221,12
221,10
221,7
221,4
221,1
220,3
220,0
219,10
219,8
219,5
219,2
210,45
210,43
210,40
210,37
210,35
210,32
210,28
210,26
210,23
210,20
210,17
210,15
210,12
210,9
210,7
210,4
210,1
207,2
207,0
206,29
206,26
206,24
206,20
206,17
206,14
206,12
206,9
206,6
206,4
206,1
141,3
0,395
0,273
0,341
0,272
0,376
0,271
0,352
0,270
0,345
0,269
0,388
0,268
0,386
0,267
0,332
0,266
0,385
0,265
0,379
0,264
0,315
0,263
0,351
0,262
0,407
0,261
0,330
0,260
0,397
0,259
0,382
0,258
0,323
0,257
0,355
0,256
0,427
0,255
0,320
0,254
0,331
0,253
0,428
0,252
0,384
0,251
0,391
0,250
0,418
0,249
0,378
0,248
0,368
0,247
0,423
0,246
0,422
0,245
0,413
0,244
0,439
0,242
0,421
0,241
0,420
0,240
0,411
0,239
0,419
0,238
0,390
0,237
0,417
0,236
0,416
0,235
0,415
0,234
0,438
0,233
0,414
0,232
0,437
0,231
0,367
0,230
0,366
0,229
0,365
0,228
0,364
0,227
0,363
0,226
0,381
0,225
0,361
0,224
0,444
0,223
0,327
0,222
0,373
0,221
0,357
0,220
0,340
0,219
0,325
0,218
0,380
0,217
0,372
0,216
0,350
0,215
0,435
0,214
0,430
0,213
0,371
0,212
0,403
0,211
0,434
0,210
0,394
0,209
0,374
0,208
0,362
0,207
0,359
0,206
0,349
0,205
0,356
0,204
0,339
0,203
0,329
0,202
0,321
0,201
0,441
0,200
0,431
0,199
0,338
0,198
0,393
0,197
0,389
0,196
0,328
0,195
0,425
0,194
0,354
0,193
0,396
0,192
0,326
0,63
0,337
0,62
0,440
0,61
0,335
0,60
0,429
0,59
0,436
0,58
0,343
0,57
0,370
0,56
0,319
0,55
0,318
0,54
0,317
0,53
0,316
0,52
0,442
0,51
0,314
0,50
0,313
0,49
0,312
0,48
0,311
0,47
0,309
0,46
0,306
0,45
0,301
0,6
0,5
0,11
0,4
0,2
0,3
0,7
